##YUNITS=%T
694.373760 101.946875 
702.089024 99.640363 
709.804288 94.017123 
717.519552 94.261966 
725.234816 100.362458 
732.950080 102.121903 
740.665344 100.687040 
748.380608 91.426493 
756.095872 84.619241 
763.811136 93.964193 
771.526400 100.484560 
779.241664 101.614070 
786.956928 101.879000 
794.672192 101.685573 
802.387456 101.072442 
810.102720 100.564995 
817.817984 99.540683 
825.533248 99.084170 
833.248512 98.398567 
840.963776 96.592108 
848.679040 99.152289 
856.394304 101.329472 
864.109568 101.448805 
871.824832 101.276559 
879.540096 100.780045 
887.255360 98.777873 
894.970624 96.112613 
902.685888 96.692165 
910.401152 96.943493 
918.116416 98.505701 
925.831680 100.721066 
933.546944 100.534248 
941.262208 98.710381 
948.977472 95.828912 
956.692736 93.608097 
964.408000 93.141029 
972.123264 95.436710 
979.838528 96.176682 
987.553792 92.385480 
995.269056 94.275002 
1002.984320 98.914462 
1010.699584 98.114059 
1018.414848 94.477033 
1026.130112 95.296658 
1033.845376 92.811392 
1041.560640 80.671364 
1049.275904 72.939926 
1056.991168 80.846359 
1064.706432 92.139893 
1072.421696 96.557329 
1080.136960 95.871929 
1087.852224 88.857539 
1095.567488 77.539906 
1103.282752 77.153985 
1110.998016 86.638960 
1118.713280 91.767146 
1126.428544 95.082041 
1134.143808 98.773710 
1141.859072 100.223564 
1149.574336 99.879242 
1157.289600 99.233958 
1165.004864 99.567343 
1172.720128 99.062100 
1180.435392 97.273515 
1188.150656 94.641519 
1195.865920 89.888887 
1203.581184 88.417640 
1211.296448 93.227416 
1219.011712 98.341267 
1226.726976 100.058168 
1234.442240 100.367662 
1242.157504 99.794307 
1249.872768 98.024309 
1257.588032 93.969813 
1265.303296 88.210031 
1273.018560 81.143823 
1280.733824 78.163112 
1288.449088 84.192989 
1296.164352 90.152805 
1303.879616 93.189889 
1311.594880 94.380353 
1319.310144 95.738453 
1327.025408 97.315161 
1334.740672 95.973671 
1342.455936 91.888510 
1350.171200 93.189690 
1357.886464 96.503069 
1365.601728 98.631442 
1373.316992 99.727689 
1381.032256 99.591400 
1388.747520 99.516241 
1396.462784 98.688718 
1404.178048 96.665987 
1411.893312 95.948455 
1419.608576 97.288020 
1427.323840 95.815226 
1435.039104 94.218112 
1442.754368 95.271905 
1450.469632 96.565623 
1458.184896 98.075593 
1465.900160 99.278545 
1473.615424 100.114073 
1481.330688 100.770677 
1489.045952 101.090291 
1496.761216 101.240420 
1504.476480 100.906083 
1512.191744 100.917766 
1519.907008 101.171256 
1527.622272 101.357368 
1535.337536 101.387446 
1543.052800 101.465111 
1550.768064 101.291306 
1558.483328 101.221750 
1566.198592 100.777129 
1573.913856 100.056674 
1581.629120 100.439541 
1589.344384 101.304809 
1597.059648 101.133685 
1604.774912 100.187444 
1612.490176 99.450179 
1620.205440 100.479097 
1627.920704 101.135293 
1635.635968 101.327299 
1643.351232 101.052494 
1651.066496 100.868202 
1658.781760 100.424593 
1666.497024 99.248385 
1674.212288 95.975789 
1681.927552 93.801537 
1689.642816 93.958936 
1697.358080 94.494693 
1705.073344 95.146432 
1712.788608 92.435381 
1720.503872 83.388325 
1728.219136 83.715483 
1735.934400 94.427915 
1743.649664 99.493313 
1751.364928 100.700259 
1759.080192 101.035855 
1766.795456 101.337377 
1774.510720 101.370928 
1782.225984 101.447223 
1789.941248 101.332886 
1797.656512 101.369546 
1805.371776 101.329614 
1813.087040 101.422430 
1820.802304 101.447434 
1828.517568 101.481502 
1836.232832 101.455111 
1843.948096 101.691283 
1851.663360 101.843365 
1859.378624 101.856224 
1867.093888 101.806617 
1874.809152 101.901855 
1882.524416 101.907512 
1890.239680 101.951188 
1897.954944 101.891416 
1905.670208 101.809676 
1913.385472 101.715954 
1921.100736 101.732282 
1928.816000 101.734617 
1936.531264 101.696913 
1944.246528 101.468594 
1951.961792 101.316520 
1959.677056 101.425613 
1967.392320 101.662609 
1975.107584 101.835083 
1982.822848 101.962260 
1990.538112 102.004477 
1998.253376 102.011233 
2005.968640 101.926075 
2013.683904 101.905362 
2021.399168 101.973768 
2029.114432 102.009761 
2036.829696 101.927625 
2044.544960 101.943577 
2052.260224 101.984124 
2059.975488 101.940798 
2067.690752 101.826008 
2075.406016 101.837449 
2083.121280 101.836683 
2090.836544 101.838378 
2098.551808 101.880615 
2106.267072 101.951228 
2113.982336 102.043147 
2121.697600 102.103669 
2129.412864 102.089400 
2137.128128 102.063461 
2144.843392 102.059965 
2152.558656 102.123961 
2160.273920 102.158187 
2167.989184 102.170463 
2175.704448 102.134358 
2183.419712 102.092673 
2191.134976 102.116195 
2198.850240 102.198685 
2206.565504 102.239683 
2214.280768 102.263128 
2221.996032 102.224642 
2229.711296 102.213874 
2237.426560 102.170552 
2245.141824 102.112497 
2252.857088 102.124556 
2260.572352 102.112275 
2268.287616 102.098586 
2276.002880 102.123073 
2283.718144 102.090591 
2291.433408 102.027506 
2299.148672 101.990297 
2306.863936 102.037405 
2314.579200 102.037617 
2322.294464 101.994899 
2330.009728 101.962602 
2337.724992 102.017160 
2345.440256 102.030615 
2353.155520 101.968076 
2360.870784 101.858416 
2368.586048 101.847811 
2376.301312 101.855745 
2384.016576 101.834816 
2391.731840 101.775549 
2399.447104 101.798032 
2407.162368 101.881503 
2414.877632 101.934771 
2422.592896 101.978447 
2430.308160 101.984038 
2438.023424 102.004590 
2445.738688 101.948083 
2453.453952 101.865167 
2461.169216 101.848609 
2468.884480 101.830985 
2476.599744 101.775566 
2484.315008 101.675508 
2492.030272 101.566781 
2499.745536 101.479610 
2507.460800 101.448572 
2515.176064 101.422403 
2522.891328 101.338501 
2530.606592 101.201621 
2538.321856 101.132033 
2546.037120 101.007551 
2553.752384 100.955206 
2561.467648 100.990478 
2569.182912 101.106349 
2576.898176 101.264126 
2584.613440 101.286306 
2592.328704 101.222190 
2600.043968 101.220507 
2607.759232 101.279606 
2615.474496 101.329648 
2623.189760 101.275028 
2630.905024 101.248571 
2638.620288 101.274246 
2646.335552 101.254523 
2654.050816 101.191927 
2661.766080 101.125192 
2669.481344 101.103485 
2677.196608 101.193871 
2684.911872 101.302458 
2692.627136 101.295730 
2700.342400 101.310561 
2708.057664 101.385696 
2715.772928 101.436167 
2723.488192 101.412929 
2731.203456 101.377807 
2738.918720 101.406920 
2746.633984 101.474051 
2754.349248 101.503773 
2762.064512 101.447409 
2769.779776 101.358047 
2777.495040 101.281940 
2785.210304 101.237378 
2792.925568 101.163583 
2800.640832 101.093074 
2808.356096 100.885699 
2816.071360 100.510108 
2823.786624 99.592918 
2831.501888 98.849545 
2839.217152 99.447056 
2846.932416 100.131865 
2854.647680 100.315042 
2862.362944 100.424632 
2870.078208 100.394341 
2877.793472 100.203133 
2885.508736 99.780333 
2893.224000 99.160863 
2900.939264 98.601010 
2908.654528 98.609439 
2916.369792 99.064201 
2924.085056 99.174182 
2931.800320 98.708089 
2939.515584 98.055042 
2947.230848 98.017558 
2954.946112 98.508476 
2962.661376 99.200866 
2970.376640 99.969290 
2978.091904 100.284677 
2985.807168 100.203522 
2993.522432 100.179990 
3001.237696 100.332703 
3008.952960 100.630278 
3016.668224 100.983110 
3024.383488 101.272336 
3032.098752 101.427721 
3039.814016 101.431612 
3047.529280 101.424688 
3055.244544 101.470913 
3062.959808 101.481454 
3070.675072 101.532920 
3078.390336 101.610791 
3086.105600 101.672889 
3093.820864 101.769583 
3101.536128 101.804352 
3109.251392 101.836334 
3116.966656 101.848309 
3124.681920 101.851253 
3132.397184 101.928574 
3140.112448 101.957170 
3147.827712 101.928985 
3155.542976 101.979684 
3163.258240 102.031680 
3170.973504 102.096316 
3178.688768 102.159465 
3186.404032 102.166355 
3194.119296 102.258301 
3201.834560 102.256477 
3209.549824 102.159765 
3217.265088 102.166867 
3224.980352 102.208557 
3232.695616 102.370379 
3240.410880 102.459928 
3248.126144 102.393975 
3255.841408 102.378331 
3263.556672 102.392286 
3271.271936 102.363091 
3278.987200 102.379891 
3286.702464 102.410662 
3294.417728 102.379354 
3302.132992 102.367199 
3309.848256 102.393737 
3317.563520 102.300567 
3325.278784 102.429041 
3332.994048 102.526363 
3340.709312 102.481699 
3348.424576 102.470604 
3356.139840 102.482764 
3363.855104 102.491769 
3371.570368 102.459958 
3379.285632 102.426331 
3387.000896 102.434482 
3394.716160 102.568293 
3402.431424 102.584599 
3410.146688 102.433992 
3417.861952 102.281148 
3425.577216 102.133914 
3433.292480 102.098380 
3441.007744 102.196431 
3448.723008 102.302814 
3456.438272 102.321878 
3464.153536 102.375469 
3471.868800 102.376928 
3479.584064 102.508909 
3487.299328 102.513705 
3495.014592 102.421946 
3502.729856 102.415871 
3510.445120 102.387955 
3518.160384 102.331727 
3525.875648 102.433753 
3533.590912 102.499475 
3541.306176 102.457042 
3549.021440 102.420611 
3556.736704 102.464747 
3564.451968 102.502787 
3572.167232 102.601050 
3579.882496 102.650622 
3587.597760 102.676706 
3595.313024 102.708250 
3603.028288 102.709808 
3610.743552 102.713127 
3618.458816 102.673464 
3626.174080 102.678099 
3633.889344 102.727903 
3641.604608 102.766621 
3649.319872 102.852458 
3657.035136 102.886598 
3664.750400 102.881633 
3672.465664 102.782727 
3680.180928 102.702349 
3687.896192 102.770406 
3695.611456 102.882865 
3703.326720 102.953105 
3711.041984 103.045845 
3718.757248 103.074525 
3726.472512 103.016614 
3734.187776 103.014057 
3741.903040 103.034218 
3749.618304 103.010765 
3757.333568 103.061266 
3765.048832 103.122180 
3772.764096 103.166869 
3780.479360 103.157564 
3788.194624 103.066021 
3795.909888 103.069034 
3803.625152 103.134198 
3811.340416 103.096056 
3819.055680 102.973634 
3826.770944 102.914302 
3834.486208 102.971039 
3842.201472 103.016752 
3849.916736 103.020309 
3857.632000 103.031667 
3865.347264 102.978086 
3873.062528 102.939211 
3880.777792 102.900174 
3888.493056 102.805732 
3896.208320 102.835127 
3903.923584 102.947769 
3911.638848 103.006933 
3919.354112 102.968431 
3927.069376 103.001218 
3934.784640 102.980729 
3942.499904 102.911412 
3950.215168 102.918839 
3957.930432 103.020560 
3965.645696 103.016829 
3973.360960 102.979803 
3981.076224 103.008443 
3988.791488 102.925867 
3996.506752 102.823409 
4004.222016 102.852820 